v -0.130111 0.195428 0.286769
v -0.075041 0.258428 0.332613
v -0.065358 0.195428 0.333732
v -0.156324 0.258428 0.337382
v -0.166007 0.195428 0.336263
v -0.105325 0.258428 0.374369
v -0.101254 0.195428 0.383225
v -0.185829 0.386518 0.389528
v -0.129593 0.386518 0.381311
v -0.162539 0.386518 0.357417
v -0.064607 0.397573 0.229246
v -0.045342 0.430475 0.265810
v -0.032341 0.397573 0.252647
v -0.126040 0.258428 0.295625
v -0.152882 0.386518 0.413423
v -0.122950 0.269500 0.291365
v -0.141493 0.315358 0.309406
v -0.090494 0.315358 0.346393
v -0.071951 0.269500 0.328352
v -0.077608 0.430475 0.242410
v -0.019337 0.375403 0.101567
v -0.003370 0.382506 0.139919
v -0.019502 0.353308 0.115576
v -0.044676 0.385500 0.135454
v -0.043124 0.367559 0.147482
v -0.079760 0.368537 0.128709
v -0.066376 0.364370 0.158487
v -0.101638 0.345424 0.158455
v -0.121595 0.353738 0.180996
v -0.097022 0.382432 0.163846
v -0.121626 0.375579 0.206897
v -0.117549 0.386710 0.183878
v -0.130810 0.383799 0.222477
v -0.154196 0.379329 0.194026
v -0.019756 0.414451 0.118133
v -0.001032 0.399393 0.129416
v -0.085324 0.398981 0.116386
v -0.104976 0.407823 0.154627
v -0.141235 0.415989 0.199763
v -0.140009 0.401085 0.220429
v -0.019335 0.443416 0.111415
v 0.001246 0.420079 0.119186
v -0.048076 0.441473 0.113839
v -0.051357 0.399733 0.096550
v -0.092949 0.436503 0.099666
v -0.133607 0.435969 0.120843
v -0.134428 0.441909 0.172533
v -0.127493 0.410894 0.177195
v -0.147749 0.421916 0.218706
v -0.147241 0.443961 0.197419
v 0.002522 0.472663 0.113454
v 0.002542 0.445472 0.113366
v -0.019269 0.474964 0.109354
v -0.082621 0.478334 0.122075
v -0.114141 0.478128 0.143916
v -0.147903 0.474266 0.197135
v -0.153017 0.471999 0.217533
v -0.153339 0.446110 0.217461
v 0.001885 0.499010 0.116316
v -0.051511 0.479099 0.094941
v -0.019607 0.505149 0.113879
v -0.047739 0.510613 0.116777
v -0.109214 0.512967 0.149616
v -0.130277 0.508545 0.175228
v -0.136027 0.476483 0.171397
v -0.152945 0.497939 0.217549
v 0.000354 0.522162 0.123193
v -0.020229 0.529867 0.124159
v -0.080230 0.514244 0.127471
v -0.045688 0.536366 0.129669
v -0.074064 0.540367 0.141156
v -0.119589 0.533013 0.182448
v -0.132461 0.525386 0.203182
v -0.173166 0.514026 0.186145
v -0.141023 0.517614 0.220203
v 0.003220 0.557080 0.110321
v -0.021215 0.548027 0.136584
v -0.043709 0.554408 0.143324
v -0.089903 0.555059 0.171923
v -0.099723 0.538531 0.160662
v -0.108506 0.550179 0.189533
v -0.142774 0.560564 0.199014
v -0.130492 0.534115 0.222548
v -0.137778 0.394304 0.239357
v -0.127776 0.376641 0.240590
v -0.133038 0.388087 0.262682
v -0.121943 0.370398 0.261400
v -0.123112 0.383899 0.289001
v -0.112077 0.366477 0.284225
v -0.109656 0.381557 0.316571
v -0.103488 0.359286 0.311138
v -0.084137 0.366037 0.328990
v -0.066666 0.373181 0.343153
v -0.089039 0.386265 0.336835
v -0.050951 0.380822 0.353630
v -0.069469 0.392557 0.351497
v -0.167634 0.409916 0.238001
v -0.144359 0.411919 0.264414
v -0.135101 0.408312 0.294372
v -0.117419 0.408070 0.323291
v -0.094822 0.411220 0.345500
v -0.052710 0.399546 0.361529
v -0.072967 0.415799 0.360453
v -0.154421 0.444178 0.238257
v -0.143681 0.440808 0.298217
v -0.123035 0.440991 0.328159
v -0.098138 0.442311 0.350547
v -0.054323 0.421154 0.368773
v -0.074319 0.444185 0.364149
v -0.152533 0.475883 0.265670
v -0.152939 0.442209 0.265743
v -0.141106 0.476956 0.297030
v -0.121586 0.476899 0.326937
v -0.097200 0.475629 0.349227
v -0.054954 0.446158 0.371610
v -0.073866 0.473829 0.363097
v -0.189290 0.477946 0.237146
v -0.151061 0.502558 0.238582
v -0.145380 0.506619 0.264596
v -0.115777 0.509207 0.321902
v -0.094147 0.506480 0.344545
v -0.071972 0.501478 0.358121
v -0.053897 0.496361 0.366862
v -0.062262 0.475591 0.404432
v -0.138816 0.524431 0.239316
v -0.145437 0.514419 0.299121
v -0.132421 0.529661 0.262574
v -0.104807 0.532296 0.312458
v -0.090250 0.533217 0.338562
v -0.074126 0.532419 0.362553
v -0.051781 0.516313 0.357358
v -0.125993 0.540077 0.240736
v -0.109118 0.548469 0.282919
v -0.146202 0.551387 0.299567
v -0.079354 0.544135 0.321655
v -0.069889 0.552321 0.351798
v -0.049219 0.531686 0.345849
v -0.033406 0.390704 0.362806
v -0.033152 0.364585 0.361553
v -0.008533 0.383314 0.359167
v -0.010229 0.364619 0.346939
v 0.028728 0.364041 0.368570
v 0.013671 0.361684 0.335222
v 0.059098 0.365861 0.346096
v 0.036185 0.362958 0.319398
v 0.055952 0.366607 0.302505
v 0.071301 0.372619 0.285623
v 0.066198 0.384812 0.309064
v 0.080521 0.381253 0.269528
v 0.080841 0.391410 0.288961
v -0.033993 0.414986 0.371526
v -0.006633 0.408759 0.371264
v 0.024442 0.405818 0.359432
v 0.053821 0.406170 0.339728
v 0.076331 0.409666 0.315895
v 0.090436 0.398767 0.271736
v 0.090975 0.414671 0.292971
v -0.034352 0.443832 0.376160
v -0.006068 0.441713 0.375510
v 0.027464 0.440244 0.366211
v 0.083054 0.441533 0.320416
v 0.098907 0.420282 0.273622
v 0.097049 0.443513 0.295357
v -0.034310 0.474163 0.374847
v -0.006186 0.476348 0.374860
v 0.062919 0.478665 0.350366
v 0.078947 0.436147 0.369365
v 0.098755 0.474844 0.296091
v 0.103711 0.445651 0.274692
v -0.033929 0.502532 0.369696
v 0.027810 0.478011 0.366962
v -0.007312 0.507924 0.367473
v 0.024173 0.512067 0.358847
v 0.077739 0.509133 0.316889
v 0.085244 0.476951 0.321973
v 0.106100 0.509096 0.299422
v 0.102710 0.499114 0.274469
v 0.123464 0.474663 0.279089
v -0.033156 0.523830 0.356471
v -0.009595 0.530924 0.353094
v 0.044645 0.537201 0.329058
v 0.073161 0.524053 0.362599
v 0.082933 0.528027 0.289842
v 0.093386 0.520994 0.272393
v -0.033871 0.560622 0.370380
v 0.017715 0.536238 0.344506
v -0.011361 0.546131 0.338896
v 0.034607 0.552813 0.317588
v 0.055121 0.550634 0.301963
v 0.067436 0.534290 0.309932
v 0.076991 0.550368 0.287743
v 0.088021 0.391999 0.252026
v 0.077381 0.373914 0.250911
v 0.104026 0.372137 0.224203
v 0.070281 0.368430 0.229522
v 0.076232 0.378759 0.199054
v 0.059605 0.365038 0.206409
v 0.055807 0.381597 0.174691
v 0.045728 0.364475 0.183533
v 0.028409 0.369245 0.165185
v 0.021372 0.353751 0.125241
v 0.042345 0.378416 0.144247
v 0.023577 0.380953 0.120946
v 0.121427 0.407317 0.253488
v 0.095009 0.410202 0.226013
v 0.085141 0.406607 0.195085
v 0.067193 0.406181 0.164907
v 0.043016 0.409906 0.142895
v 0.020205 0.414892 0.128330
v 0.105981 0.443566 0.253137
v 0.093528 0.440269 0.191324
v 0.075066 0.439968 0.158142
v 0.023467 0.443333 0.120213
v 0.109468 0.474977 0.253248
v 0.103510 0.441647 0.224685
v 0.093917 0.477933 0.191145
v 0.074157 0.478017 0.158909
v 0.049186 0.476892 0.133851
v 0.067616 0.437232 0.107923
v 0.106048 0.512199 0.224038
v 0.138901 0.481043 0.218251
v 0.087304 0.512498 0.194091
v 0.045814 0.510078 0.138936
v 0.022106 0.504910 0.123871
v 0.036594 0.478600 0.089701
v 0.103431 0.504670 0.252858
v 0.114599 0.541291 0.253076
v 0.095060 0.540239 0.225772
v 0.059751 0.540039 0.171346
v 0.090281 0.524156 0.145384
v 0.018491 0.529731 0.133020
v 0.111588 0.559397 0.276445
v 0.081172 0.547264 0.251220
v 0.076135 0.539313 0.199099
v 0.074182 0.553301 0.228973
v 0.062709 0.556461 0.205039
v 0.032157 0.555146 0.159438
v 0.040638 0.537845 0.146681
v 0.014746 0.549263 0.143018
v -0.004874 0.559251 0.146673
v -0.029260 0.567232 0.155322
v -0.056249 0.570272 0.169755
v -0.077052 0.579901 0.134314
v -0.081471 0.566804 0.188591
v -0.102200 0.559625 0.207882
v -0.138038 0.572008 0.220868
v 0.022843 0.593331 0.146110
v -0.011408 0.576226 0.176020
v -0.040353 0.581209 0.191761
v -0.068952 0.578192 0.211400
v -0.106094 0.593179 0.227980
v -0.109666 0.557843 0.247800
v 0.031945 0.570448 0.189286
v -0.021263 0.586455 0.220285
v -0.078069 0.574769 0.258398
v -0.119750 0.545730 0.261091
v -0.097212 0.561728 0.272830
v 0.048927 0.557865 0.180746
v 0.036599 0.604370 0.229770
v 0.015145 0.607185 0.193891
v -0.032416 0.583455 0.270378
v -0.051831 0.584328 0.240061
v -0.081243 0.561456 0.297602
v -0.095268 0.548079 0.303975
v 0.048147 0.569027 0.216574
v 0.041200 0.573595 0.260774
v 0.004342 0.618145 0.252568
v 0.014528 0.576330 0.279320
v -0.042977 0.580835 0.317813
v -0.066034 0.596403 0.293736
v -0.071418 0.578663 0.334580
v 0.060954 0.564196 0.243308
v 0.069769 0.556880 0.267135
v 0.026667 0.564729 0.301592
v -0.014228 0.573677 0.296323
v -0.024749 0.555885 0.326806
v -0.046300 0.546900 0.332740
v 0.059653 0.575301 0.288929
v 0.011490 0.551122 0.330282
v 0.007601 0.590962 0.334899
v 0.067527 0.363609 0.266635
v 0.052125 0.353327 0.285192
v 0.029795 0.346927 0.304843
v 0.002884 0.346115 0.322609
v -0.024556 0.351618 0.335335
v -0.048231 0.362173 0.341413
v 0.075551 0.335736 0.242978
v 0.043511 0.340468 0.261288
v 0.017940 0.331583 0.282084
v -0.012956 0.332145 0.301458
v -0.042660 0.339822 0.316390
v -0.074041 0.332123 0.339864
v 0.047817 0.349627 0.216701
v 0.000107 0.322683 0.251625
v -0.062587 0.334499 0.289481
v -0.085254 0.348682 0.301462
v 0.039068 0.307848 0.229158
v 0.044548 0.322542 0.177159
v 0.008875 0.334161 0.201629
v -0.053624 0.324215 0.239662
v -0.034297 0.289436 0.278828
v -0.086498 0.323144 0.260486
v 0.011860 0.355624 0.168235
v -0.020924 0.323533 0.218762
v -0.011579 0.343281 0.176792
v -0.040534 0.335176 0.191028
v -0.070744 0.334580 0.209948
v -0.122686 0.344056 0.248094
v -0.117130 0.325732 0.280475
v -0.003599 0.352905 0.140947
v -0.029173 0.355690 0.159151
v -0.082036 0.350167 0.188003
v -0.112671 0.343936 0.202683
v -0.112431 0.313775 0.226569
v -0.057547 0.342663 0.166373
v -0.118685 0.366376 0.225177
v -0.082826 0.369511 0.380601
v -0.084351 0.361010 0.397183
v -0.092608 0.354696 0.383396
v -0.094580 0.364118 0.362902
v -0.104361 0.349411 0.368343
v -0.111716 0.360703 0.344677
v -0.120133 0.346394 0.353177
v -0.138744 0.346464 0.339767
v -0.155854 0.364016 0.318279
v -0.158054 0.349541 0.329563
v -0.175983 0.354790 0.323044
v -0.194675 0.347428 0.300393
v -0.176362 0.369392 0.312552
v -0.074052 0.389400 0.377738
v -0.075480 0.375759 0.395771
v -0.085106 0.385029 0.357313
v -0.103421 0.382240 0.336149
v -0.127611 0.382150 0.318333
v -0.122598 0.345440 0.309115
v -0.153511 0.385010 0.307647
v -0.193066 0.375763 0.310497
v -0.176371 0.389413 0.303570
v -0.068591 0.413990 0.375964
v -0.068241 0.394170 0.394618
v -0.078982 0.412263 0.353711
v -0.092671 0.410124 0.324999
v -0.152005 0.412265 0.300771
v -0.194202 0.394207 0.303365
v -0.176382 0.413995 0.297834
v -0.068767 0.440562 0.376028
v -0.064060 0.415825 0.393952
v -0.097727 0.443467 0.330299
v -0.114302 0.446192 0.293392
v -0.111105 0.407475 0.287441
v -0.152037 0.442291 0.300900
v -0.194899 0.438757 0.298987
v -0.194887 0.415824 0.299066
v -0.068257 0.460398 0.394621
v -0.063985 0.438756 0.393940
v -0.066522 0.444165 0.345955
v -0.073881 0.465235 0.377677
v -0.069065 0.476703 0.347390
v -0.093595 0.478066 0.325875
v -0.153515 0.469555 0.307666
v -0.176371 0.465163 0.303559
v -0.175586 0.443676 0.270685
v -0.055567 0.489601 0.392600
v -0.066366 0.494995 0.374824
v -0.094511 0.490507 0.362859
v -0.133328 0.493750 0.329218
v -0.116458 0.481946 0.297517
v -0.176364 0.485132 0.312638
v -0.193069 0.478818 0.310482
v -0.194201 0.460364 0.303372
v -0.082618 0.494804 0.396907
v -0.092677 0.499819 0.383417
v -0.096529 0.508679 0.328846
v -0.095069 0.514892 0.363062
v -0.120182 0.508110 0.353227
v -0.158060 0.505002 0.329595
v -0.155893 0.490450 0.318443
v -0.175984 0.499821 0.322996
v -0.191669 0.493629 0.319269
v -0.208268 0.369458 0.317749
v -0.209374 0.343933 0.314706
v -0.226053 0.363976 0.329400
v -0.220435 0.349523 0.339478
v -0.235601 0.346478 0.355202
v -0.266332 0.327254 0.364832
v -0.257371 0.348346 0.334053
v -0.259277 0.349540 0.393063
v -0.260556 0.360107 0.367839
v -0.265913 0.354695 0.410995
v -0.270484 0.364065 0.390881
v -0.269549 0.360959 0.426676
v -0.276133 0.369479 0.411375
v -0.218881 0.381466 0.287204
v -0.231506 0.385043 0.320147
v -0.252741 0.382211 0.338381
v -0.270431 0.382184 0.362660
v -0.281047 0.385067 0.388555
v -0.278290 0.375790 0.428068
v -0.285303 0.389401 0.411380
v -0.212894 0.413983 0.303546
v -0.241478 0.410744 0.303789
v -0.277623 0.411093 0.358888
v -0.288032 0.412269 0.387023
v -0.285550 0.394182 0.429224
v -0.291023 0.413993 0.411391
v -0.235071 0.442297 0.314082
v -0.258479 0.443455 0.332794
v -0.274920 0.408071 0.317107
v -0.277601 0.443476 0.358900
v -0.288066 0.442308 0.387015
v -0.316621 0.412910 0.434172
v -0.311818 0.442953 0.410781
v -0.211128 0.465201 0.308985
v -0.222048 0.443676 0.278084
v -0.231457 0.469495 0.320226
v -0.270427 0.472387 0.362662
v -0.281123 0.469536 0.388537
v -0.285230 0.465147 0.411382
v -0.311237 0.468749 0.433314
v -0.314336 0.441415 0.433808
v -0.212940 0.493148 0.304437
v -0.252795 0.472393 0.338329
v -0.226001 0.490534 0.329484
v -0.244166 0.493873 0.346722
v -0.270442 0.490480 0.390892
v -0.276196 0.485129 0.411373
v -0.285947 0.482930 0.429287
v -0.205444 0.499882 0.327610
v -0.220429 0.505039 0.339489
v -0.249068 0.508105 0.373755
v -0.279459 0.508932 0.357748
v -0.265900 0.499867 0.410994
v -0.269573 0.493631 0.426679
v -0.271067 0.369472 0.443270
v -0.261262 0.354662 0.440464
v -0.259289 0.364088 0.460971
v -0.249414 0.349467 0.455475
v -0.242009 0.360804 0.479063
v -0.233643 0.346468 0.470617
v -0.215092 0.346448 0.484095
v -0.197950 0.364083 0.505466
v -0.195792 0.349466 0.494365
v -0.177841 0.354608 0.501032
v -0.162158 0.360937 0.504588
v -0.177465 0.369447 0.511199
v -0.301919 0.381362 0.453992
v -0.271156 0.383943 0.468040
v -0.250518 0.382175 0.487814
v -0.226141 0.382215 0.505372
v -0.231231 0.345440 0.514732
v -0.200327 0.384997 0.516236
v -0.160769 0.375786 0.513308
v -0.177462 0.389349 0.520466
v -0.309012 0.411108 0.456431
v -0.278188 0.411765 0.472216
v -0.256157 0.411095 0.493608
v -0.201791 0.412282 0.522942
v -0.158929 0.415816 0.524861
v -0.155873 0.386537 0.544053
v -0.285087 0.440565 0.447829
v -0.274762 0.442298 0.470084
v -0.229913 0.443469 0.512562
v -0.238655 0.408628 0.528834
v -0.177445 0.440570 0.525944
v -0.177446 0.414000 0.525972
v -0.279917 0.465224 0.446160
v -0.256009 0.443449 0.493453
v -0.268686 0.469528 0.466512
v -0.250478 0.472375 0.487773
v -0.200295 0.469526 0.516107
v -0.201832 0.442312 0.523109
v -0.154666 0.441663 0.551631
v -0.178136 0.474030 0.546209
v -0.271123 0.485135 0.443289
v -0.259286 0.490483 0.460969
v -0.225602 0.501064 0.504187
v -0.226398 0.472577 0.505851
v -0.203208 0.504839 0.527488
v -0.160103 0.481054 0.517493
v -0.159610 0.460400 0.520588
v -0.271256 0.508242 0.443508
v -0.254301 0.505755 0.491877
v -0.249336 0.505025 0.455431
v -0.233637 0.508096 0.470610
v -0.195776 0.505036 0.494289
v -0.177843 0.499898 0.500948
v -0.177464 0.485103 0.511158
v -0.158655 0.509383 0.526582
v -0.145502 0.369357 0.506267
v -0.148385 0.354693 0.496235
v -0.127796 0.364001 0.494415
v -0.133420 0.349572 0.484323
v -0.109631 0.360670 0.477157
v -0.118304 0.346583 0.468571
v -0.084994 0.353771 0.460429
v -0.094798 0.335380 0.455242
v -0.094617 0.349600 0.430772
v -0.088024 0.354782 0.412855
v -0.076979 0.359917 0.434486
v -0.077669 0.369464 0.412474
v -0.142697 0.389367 0.514875
v -0.111489 0.377226 0.521214
v -0.082860 0.372040 0.502899
v -0.083397 0.382184 0.461188
v -0.072653 0.385017 0.435324
v -0.042629 0.380543 0.413145
v -0.118735 0.412271 0.509802
v -0.076261 0.407581 0.509266
v -0.076335 0.411113 0.464891
v -0.065759 0.412265 0.436834
v -0.035949 0.410928 0.413244
v -0.140963 0.440580 0.520224
v -0.140978 0.413998 0.520182
v -0.095280 0.443468 0.491119
v -0.065788 0.442305 0.436827
v -0.062718 0.440590 0.412459
v -0.118711 0.442308 0.509842
v -0.142742 0.465159 0.514747
v -0.101052 0.472382 0.485501
v -0.076299 0.443465 0.464910
v -0.072585 0.469583 0.435340
v -0.068549 0.465164 0.412467
v -0.108865 0.479239 0.525455
v -0.145594 0.485057 0.506004
v -0.127812 0.490552 0.494389
v -0.094130 0.493811 0.455552
v -0.078097 0.474814 0.464028
v -0.071603 0.498159 0.435770
v -0.077532 0.485187 0.412477
v -0.148355 0.499962 0.496333
v -0.109592 0.493940 0.477195
v -0.133340 0.505150 0.484465
v -0.118210 0.508121 0.468664
v -0.094551 0.505034 0.430785
v -0.087804 0.499966 0.412851
v -0.096161 0.507947 0.399064
v -0.109103 0.515403 0.382992
v -0.148511 0.520270 0.350047
v -0.138343 0.508970 0.338992
v -0.170475 0.515437 0.338453
v -0.190658 0.513688 0.325617
v -0.103438 0.515444 0.418364
v -0.117882 0.525421 0.402523
v -0.138268 0.531924 0.384231
v -0.117659 0.538368 0.357188
v -0.162608 0.531824 0.366628
v -0.188469 0.549027 0.339366
v -0.210307 0.529705 0.333550
v -0.115271 0.519902 0.440221
v -0.125144 0.547631 0.428261
v -0.154329 0.539791 0.408327
v -0.180514 0.539903 0.389317
v -0.210855 0.556979 0.364523
v -0.222959 0.519900 0.362120
v -0.095297 0.518638 0.454984
v -0.149252 0.531799 0.450527
v -0.173320 0.539715 0.434495
v -0.222257 0.531937 0.397603
v -0.235621 0.508124 0.355182
v -0.130824 0.519999 0.461778
v -0.147965 0.515459 0.479776
v -0.165608 0.546309 0.482924
v -0.215536 0.531854 0.439599
v -0.202392 0.555099 0.415981
v -0.250337 0.515377 0.405488
v -0.238579 0.519935 0.383617
v -0.259397 0.505145 0.393038
v -0.164062 0.507898 0.492629
v -0.193581 0.550198 0.464746
v -0.184436 0.531569 0.498282
v -0.205245 0.520018 0.473641
v -0.244791 0.515492 0.440883
v -0.236004 0.525522 0.421334
v -0.226691 0.519848 0.457944
v -0.215031 0.507991 0.483975
v -0.275831 0.526723 0.427676
v -0.162296 0.335213 0.503717
v -0.183350 0.339193 0.485349
v -0.205212 0.334669 0.473568
v -0.226805 0.334503 0.458048
v -0.244758 0.339126 0.440869
v -0.257676 0.346617 0.424785
v -0.148012 0.339264 0.479666
v -0.167517 0.329185 0.470937
v -0.222040 0.304106 0.444241
v -0.235960 0.329129 0.421327
v -0.250343 0.339189 0.405488
v -0.130842 0.334613 0.461758
v -0.147992 0.317717 0.452294
v -0.173316 0.314739 0.434518
v -0.194236 0.299280 0.466832
v -0.203543 0.293381 0.416164
v -0.222211 0.322747 0.397618
v -0.238578 0.334640 0.383617
v -0.115219 0.334590 0.440245
v -0.131574 0.322640 0.426244
v -0.180517 0.314597 0.389303
v -0.222925 0.334746 0.362158
v -0.094122 0.327467 0.419146
v -0.138290 0.322713 0.384247
v -0.154323 0.314750 0.408326
v -0.186317 0.329126 0.352877
v -0.204587 0.322730 0.373305
v -0.205840 0.339189 0.344126
v -0.104356 0.305545 0.400369
v -0.096136 0.346599 0.399060
v -0.109075 0.339132 0.382980
v -0.148624 0.334694 0.350295
v -0.161481 0.313979 0.363036
v -0.170476 0.339147 0.338462
v -0.189772 0.346641 0.331185
v -0.116171 0.313299 0.355820
v 0.342333 0.124855 0.357437
v 0.466132 0.204363 0.277735
v 0.342333 0.204363 0.357437
v 0.171787 0.124855 0.431857
v 0.171787 0.204363 0.431857
v -0.043294 0.124855 0.459252
v -0.043294 0.204363 0.459252
v -0.329760 0.124855 0.353288
v -0.329760 0.204363 0.353288
v -0.425729 0.124855 0.137519
v -0.425729 0.204363 0.137519
v -0.481030 0.124855 -0.066005
v -0.481030 0.204363 -0.066005
v -0.548588 0.124855 -0.230908
v -0.548588 0.204363 -0.230908
v -0.323436 0.124855 -0.467732
v -0.323436 0.204363 -0.467732
v -0.026442 0.124855 -0.574558
v -0.026442 0.204363 -0.574558
v 0.218995 0.124855 -0.534557
v 0.218995 0.204363 -0.534557
v 0.435553 0.124855 -0.286019
v 0.435553 0.204363 -0.286019
v 0.487477 0.124855 -0.029791
v 0.487477 0.204363 -0.029791
v 0.466132 0.124855 0.277735
v 0.259214 0.204363 -0.243691
v 0.048682 0.204363 -0.193155
v -0.220901 0.204363 -0.128446
v -0.155487 0.204363 0.088008
v 0.293699 0.204363 0.005711
v 0.095021 0.204363 0.042112
v -0.079744 0.136328 -0.011346
v -0.049904 0.213866 0.038550
v 0.020141 0.171589 -0.037212
v -0.119948 0.190240 0.114312
v -0.179630 0.125403 0.014521
v -0.189552 0.174567 0.189598
v -0.423707 0.118138 0.077726
v -0.274220 0.133524 0.039016
v -0.321324 0.036125 0.332126
v -0.309813 0.159898 0.319675
v -0.454825 0.036284 0.085785
v -0.295915 -0.109338 0.304643
v -0.303110 -0.316723 0.046497
v -0.432872 -0.110866 0.080100
v -0.113694 -0.471227 -0.002554
v -0.207095 -0.317397 0.208572
v 0.016581 -0.677277 -0.033361
v -0.069441 -0.466052 0.059682
v -0.077872 0.173674 -0.069454
v -0.175885 0.186470 -0.101696
v -0.416609 0.120086 -0.180883
v -0.274017 0.181148 -0.133977
v -0.436090 -0.118760 -0.187292
v -0.545547 0.034934 -0.223298
v -0.290646 -0.311176 -0.139447
v 0.015159 -0.677277 -0.038850
v -0.089667 -0.452590 -0.073334
v -0.044882 0.202401 -0.117325
v -0.109904 0.135257 -0.197439
v -0.174418 0.173219 -0.276926
v -0.328807 0.035472 -0.467147
v -0.269014 0.118673 -0.393476
v -0.172670 -0.293726 -0.274772
v -0.269939 -0.105968 -0.394616
v -0.083687 -0.493034 -0.165137
v 0.008753 0.182340 -0.139761
v -0.002635 0.188450 -0.242311
v -0.014088 0.185175 -0.345455
v -0.039623 0.035629 -0.575397
v -0.034487 0.173417 -0.529151
v -0.013809 -0.295083 -0.342941
v -0.036026 -0.137093 -0.543006
v 0.019562 -0.677277 -0.042424
v -0.000700 -0.512835 -0.224884
v 0.066003 0.171363 -0.129639
v 0.111866 0.171912 -0.222066
v 0.158290 0.190843 -0.315624
v 0.227928 0.131755 -0.455967
v 0.216318 -0.093826 -0.432568
v 0.265642 0.035490 -0.531971
v 0.069748 -0.449306 -0.137185
v 0.152849 -0.287642 -0.304660
v 0.108692 0.161524 -0.090171
v 0.289418 0.216020 -0.198256
v 0.197244 0.160142 -0.143130
v 0.432355 0.151208 -0.283741
v 0.454721 0.036082 -0.297117
v 0.281878 -0.292916 -0.193746
v 0.419218 -0.108974 -0.275884
v 0.132869 -0.465550 -0.104630
v 0.022472 -0.677277 -0.041909
v 0.123267 0.127280 -0.033889
v 0.226394 0.153024 -0.030567
v 0.324711 0.139120 -0.027399
v 0.486336 0.036596 -0.022192
v 0.487038 0.131250 -0.022169
v 0.317694 -0.286938 -0.027625
v 0.505703 -0.122304 -0.021568
v 0.025382 -0.677277 -0.037043
v 0.189750 -0.497098 -0.031747
v 0.105100 0.157763 0.021338
v 0.275280 0.182791 0.138617
v 0.190059 0.187681 0.079887
v 0.414394 0.148931 0.234487
v 0.373872 -0.086295 0.206562
v 0.482803 0.035367 0.281631
v 0.302771 -0.324400 0.157562
v 0.024459 -0.677277 -0.034236
v 0.186509 -0.523712 0.077440
v 0.059959 0.222256 0.057976
v 0.099777 0.169986 0.153163
v 0.140329 0.196290 0.250106
v 0.220785 0.035907 0.442440
v 0.208689 0.163748 0.413524
v 0.136385 -0.289830 0.240678
v 0.202798 -0.114301 0.399443
v 0.084159 -0.493966 0.115828
v 0.002176 0.247524 0.064392
v -0.015789 0.147999 0.165996
v -0.034030 0.193550 0.269157
v -0.064454 0.159614 0.441223
v -0.068733 0.036029 0.465425
v -0.034494 -0.300164 0.271780
v -0.064051 -0.120848 0.438943
v -0.005287 -0.477635 0.106597
v 0.022164 -0.677277 -0.032374
v 0.127109 -0.768724 -0.026584
v 0.074814 -0.786981 0.006691
v 0.135629 -0.808002 0.022338
v 0.109125 -0.819457 -0.025174
v -0.062303 -0.697582 -0.126769
v -0.089792 -0.699685 -0.119677
v -0.084578 -0.701936 -0.141661
v -0.103886 -0.683156 -0.138109
v -0.076149 -0.680752 -0.145619
v -0.080893 -0.673448 -0.118932
v 0.064977 -0.558536 0.103076
v 0.098688 -0.560139 0.147161
v 0.100875 -0.562696 0.111917
v 0.042995 -0.571044 0.156992
v 0.078452 -0.577477 0.172312
v 0.040136 -0.578565 0.119900
v 0.104361 -0.598898 0.109316
v 0.083843 -0.609459 0.156871
v 0.081219 -0.612423 0.127393
v 0.061025 -0.602139 0.120996
v 0.015064 -0.677277 -0.035897
v 0.016836 -0.677277 -0.041284
v 0.024641 -0.677277 -0.039903
v 0.019228 -0.677277 -0.032048
v 0.020641 0.769644 -0.061128
v 0.010648 0.454463 -0.055858
v 0.010648 0.769644 -0.055858
v -0.039192 0.769644 -0.174601
v -0.049185 0.769644 -0.169332
v -0.096356 0.769644 -0.283014
v -0.106350 0.769644 -0.277745
v -0.006493 0.336917 -0.065152
v -0.065302 0.180230 -0.140422
v -0.018458 0.180230 -0.051582
v 0.218264 0.949624 -0.310355
v 0.009066 0.794412 -0.014111
v 0.294977 0.794412 -0.164868
v 0.335333 0.166969 -0.152378
v -0.182048 0.166969 -0.312513
v 0.156710 0.166969 -0.491136
v 0.297047 0.429505 -0.164228
v 0.017793 0.439144 -0.042308
v 0.008425 0.429505 -0.012041
v 0.135492 0.439144 -0.422583
v 0.144860 0.429505 -0.452849
v -0.113495 0.439144 -0.291295
v -0.143761 0.429505 -0.300663
v -0.096356 0.454463 -0.283014
v -0.106350 0.454463 -0.277745
v 0.247960 0.454463 -0.176444
v 0.031343 0.454463 -0.049453
v 0.253230 0.454463 -0.166451
v 0.247960 0.769644 -0.176444
v 0.253230 0.769644 -0.166451
v 0.026074 0.769644 -0.059446
v 0.031343 0.769644 -0.049453
v 0.026074 0.454463 -0.059446
v -0.094675 0.454463 -0.288447
v 0.121942 0.454463 -0.415438
v -0.099944 0.454463 -0.298440
v 0.144220 0.794412 -0.450780
v -0.067647 0.949624 -0.159597
v 0.266780 0.784963 -0.173596
v 0.017793 0.784963 -0.042308
v 0.199802 0.784963 -0.300620
v -0.049185 0.784963 -0.169332
v 0.135492 0.784963 -0.422583
v -0.141692 0.794412 -0.300022
v -0.113495 0.784963 -0.291295
v -0.094675 0.769644 -0.288447
v -0.099944 0.769644 -0.298440
v 0.127211 0.769644 -0.405444
v 0.121942 0.769644 -0.415438
v 0.127211 0.454463 -0.405444
v -0.084163 0.182532 -0.130476
v -0.037319 0.182532 -0.041637
v -0.025354 0.339219 -0.055207
v -0.047345 0.336917 -0.142629
v -0.066206 0.339219 -0.132684
v 0.142637 0.454463 -0.409032
v 0.266780 0.439144 -0.173596
v 0.142637 0.769644 -0.409032
v 0.259635 0.769644 -0.187146
v 0.259635 0.454463 -0.187146
v 0.132644 0.454463 -0.403763
v 0.132644 0.769644 -0.403763
v 0.189809 0.769644 -0.295350
v 0.199802 0.769644 -0.300620
v 0.249642 0.769644 -0.181876
v 0.249642 0.454463 -0.181876
v 0.020641 0.454463 -0.061128
v -0.003425 0.166969 0.026245
v -0.095291 0.835322 -0.180702
v -0.085570 0.859233 -0.162266
v -0.095340 0.843603 -0.180795
v -0.157888 0.930242 -0.299416
v -0.156720 0.936678 -0.297202
v -0.098959 0.818645 -0.187659
v -0.173393 0.823314 -0.328823
v -0.174134 0.816593 -0.330227
v -0.063133 0.794764 -0.119714
v -0.004194 0.697184 -0.007937
v -0.001753 0.701689 -0.003307
v -0.091356 0.791434 -0.173240
v -0.095045 0.793893 -0.180235
v -0.152806 0.693128 -0.289779
v -0.155300 0.697498 -0.294508
v -0.085092 0.778801 -0.161360
v -0.110165 0.628468 -0.208910
v -0.107412 0.624882 -0.203690
v -0.070672 0.785895 -0.134013
v -0.072903 0.779134 -0.138243
v -0.046053 0.630218 -0.087323
v -0.048763 0.626483 -0.092461
v -0.061824 0.826359 -0.117231
v -0.059514 0.819722 -0.112850
v 0.014841 0.828452 0.028164
v 0.015661 0.821773 0.029718
v -0.063428 0.844474 -0.120273
v -0.001929 0.934499 -0.003641
v -0.003173 0.940869 -0.006000
v -0.077039 0.856906 -0.146086
v -0.073380 0.859566 -0.139149
v -0.054276 1.013877 -0.102917
v -0.051060 1.013485 -0.096819
v -0.106500 1.012452 -0.201960
v -0.109710 1.011884 -0.208048
v -0.081881 0.856774 -0.155270
v -0.096729 0.825406 -0.183428
v -0.066791 0.792105 -0.126651
v -0.087402 0.785438 -0.165741
v -0.063379 0.836193 -0.120180
v -0.075246 0.818645 -0.200162
v -0.222034 0.869596 -0.421070
v -0.150421 0.816593 -0.342730
v -0.210194 0.951248 -0.398615
v -0.198321 0.869596 -0.433574
v -0.186480 0.951248 -0.411118
v -0.133007 0.936678 -0.309705
v -0.071627 0.843603 -0.193298
v -0.061857 0.859233 -0.174769
v -0.101000 1.125935 -0.191530
v -0.085997 1.011884 -0.220551
v -0.061122 1.127023 -0.115900
v -0.077287 1.125935 -0.204034
v -0.037408 1.127023 -0.128403
v -0.027347 1.013485 -0.109322
v -0.049667 0.859566 -0.151652
v -0.039715 0.844474 -0.132777
v 0.050110 0.958353 0.095052
v 0.020540 0.940869 -0.018504
v 0.062916 0.877374 0.119338
v 0.073823 0.958353 0.082548
v 0.086629 0.877374 0.106835
v 0.039374 0.821773 0.017215
v -0.035800 0.819722 -0.125354
v -0.039420 0.794764 -0.132217
v 0.022468 0.598444 0.042629
v 0.021960 0.701689 -0.015810
v -0.009496 0.547307 -0.017992
v 0.046181 0.598444 0.030125
v 0.014217 0.547307 -0.030495
v -0.025049 0.626483 -0.104964
v -0.049190 0.779134 -0.150746
v -0.061379 0.778801 -0.173864
v -0.145726 0.543589 -0.276352
v -0.083699 0.624882 -0.216193
v -0.178287 0.592964 -0.338104
v -0.122013 0.543589 -0.288856
v -0.154574 0.592964 -0.350608
v -0.131587 0.697498 -0.307012
v -0.071332 0.793893 -0.192739
v -0.207988 0.943893 -0.394431
v -0.218272 0.872973 -0.413935
v -0.070641 0.812254 -0.133952
v -0.088286 0.812605 -0.167418
v -0.174343 0.595189 -0.330624
v -0.079115 0.798697 -0.150024
v -0.084951 0.835604 -0.161093
v -0.063702 1.120252 -0.120794
v -0.075153 0.835871 -0.142510
v 0.018499 0.600453 0.035101
v -0.009264 0.556037 -0.017552
v 0.059115 0.880544 0.112130
v -0.146061 0.552304 -0.276988
v 0.047992 0.950880 0.091035
v -0.098340 1.119307 -0.186484
f 1 2 3
f 4 1 5
f 6 5 7
f 2 7 3
f 8 9 10
f 5 3 7
f 11 12 13
f 4 10 14
f 15 4 6
f 9 6 2
f 16 2 14
f 17 14 10
f 18 10 9
f 2 18 9
f 16 13 19
f 17 11 16
f 18 20 17
f 13 18 19
f 1 14 2
f 4 14 1
f 6 4 5
f 2 6 7
f 8 15 9
f 5 1 3
f 11 20 12
f 4 8 10
f 15 8 4
f 9 15 6
f 16 19 2
f 17 16 14
f 18 17 10
f 2 19 18
f 16 11 13
f 17 20 11
f 18 12 20
f 13 12 18
f 21 22 23
f 24 23 25
f 26 25 27
f 28 26 27
f 29 30 28
f 31 32 29
f 33 34 31
f 35 36 21
f 24 35 21
f 37 24 26
f 30 37 26
f 32 38 30
f 39 32 34
f 40 39 34
f 41 42 35
f 43 35 44
f 45 44 37
f 46 37 38
f 47 38 48
f 39 47 48
f 49 50 39
f 41 51 52
f 43 53 41
f 54 43 45
f 55 45 46
f 47 55 46
f 56 47 50
f 57 50 58
f 53 59 51
f 60 61 53
f 54 62 60
f 63 54 55
f 64 55 65
f 56 64 65
f 66 56 57
f 61 67 59
f 62 68 61
f 69 70 62
f 63 71 69
f 72 63 64
f 73 64 74
f 75 74 66
f 68 76 67
f 70 77 68
f 71 78 70
f 79 71 80
f 81 80 72
f 82 72 73
f 83 73 75
f 84 33 85
f 86 85 87
f 88 87 89
f 90 89 91
f 92 90 91
f 93 94 92
f 95 96 93
f 97 40 84
f 98 84 86
f 99 86 88
f 100 88 90
f 94 100 90
f 96 101 94
f 102 103 96
f 104 49 97
f 98 104 97
f 105 98 99
f 106 99 100
f 101 106 100
f 103 107 101
f 108 109 103
f 104 57 58
f 110 104 111
f 112 111 105
f 106 112 105
f 107 113 106
f 109 114 107
f 115 116 109
f 117 66 57
f 110 118 117
f 112 119 110
f 120 112 113
f 121 113 114
f 122 114 116
f 123 116 124
f 118 75 66
f 119 125 118
f 126 127 119
f 128 126 120
f 129 120 121
f 130 121 122
f 131 122 123
f 125 83 75
f 127 132 125
f 133 127 134
f 128 133 134
f 135 128 129
f 136 129 130
f 137 130 131
f 138 95 139
f 140 139 141
f 142 141 143
f 144 143 145
f 146 144 145
f 147 148 146
f 149 150 147
f 151 102 138
f 152 138 140
f 153 140 142
f 144 153 142
f 148 154 144
f 150 155 148
f 156 157 150
f 158 108 151
f 159 151 152
f 160 152 153
f 154 160 153
f 161 154 155
f 157 161 155
f 162 163 157
f 164 115 158
f 159 164 158
f 160 165 159
f 166 160 167
f 161 166 167
f 168 161 163
f 169 168 163
f 164 123 124
f 165 170 164
f 171 172 165
f 166 173 171
f 174 166 175
f 176 175 168
f 177 168 178
f 170 131 123
f 172 179 170
f 173 180 172
f 181 173 182
f 174 181 182
f 183 174 176
f 184 176 177
f 179 137 131
f 180 185 179
f 186 187 180
f 188 186 181
f 189 181 190
f 191 190 183
f 184 191 183
f 192 149 193
f 194 193 195
f 196 195 197
f 198 197 199
f 200 198 199
f 201 202 200
f 22 203 201
f 204 156 192
f 205 192 194
f 196 205 194
f 198 206 196
f 202 207 198
f 203 208 202
f 36 209 203
f 210 162 204
f 205 210 204
f 211 205 206
f 207 211 206
f 208 212 207
f 213 208 209
f 42 213 209
f 214 169 210
f 215 214 210
f 216 215 211
f 217 211 212
f 218 212 219
f 213 218 219
f 51 213 52
f 214 177 178
f 220 214 221
f 216 220 221
f 217 222 216
f 223 217 218
f 224 218 225
f 51 224 225
f 226 184 177
f 220 227 226
f 222 228 220
f 229 222 230
f 223 229 230
f 231 223 224
f 67 224 59
f 227 232 184
f 228 233 227
f 234 235 228
f 229 236 234
f 237 229 238
f 239 238 231
f 76 231 67
f 240 76 77
f 241 77 78
f 242 78 243
f 79 242 243
f 81 244 79
f 82 245 81
f 83 246 82
f 247 239 240
f 248 240 241
f 249 241 242
f 244 249 242
f 245 250 244
f 246 251 245
f 132 252 246
f 253 237 247
f 248 253 247
f 254 248 249
f 250 254 249
f 255 250 251
f 252 255 251
f 256 257 252
f 253 236 258
f 259 253 260
f 254 259 260
f 261 254 262
f 255 261 262
f 263 255 257
f 264 257 133
f 265 235 236
f 266 265 259
f 267 266 259
f 261 268 267
f 269 261 270
f 271 270 263
f 135 263 264
f 272 233 235
f 266 273 272
f 274 266 268
f 275 274 268
f 276 275 269
f 277 269 271
f 135 277 271
f 273 232 233
f 278 191 273
f 274 189 278
f 279 274 280
f 276 279 280
f 185 276 277
f 136 185 277
f 281 149 147
f 282 147 146
f 283 146 145
f 143 283 145
f 141 284 143
f 139 285 141
f 95 286 139
f 287 193 281
f 288 281 282
f 289 282 283
f 290 283 284
f 285 290 284
f 286 291 285
f 93 292 286
f 293 195 287
f 288 293 287
f 294 288 289
f 290 294 289
f 295 290 291
f 296 291 292
f 92 296 292
f 293 199 197
f 297 298 293
f 294 299 297
f 300 294 301
f 295 300 301
f 296 302 295
f 89 296 91
f 303 199 298
f 299 303 298
f 304 305 299
f 300 306 304
f 302 307 300
f 308 302 309
f 89 308 309
f 303 201 200
f 305 310 303
f 306 311 305
f 312 306 307
f 313 307 314
f 308 313 314
f 85 308 87
f 310 22 201
f 311 23 310
f 315 25 311
f 312 27 315
f 29 312 313
f 31 313 316
f 33 316 85
f 317 318 319
f 320 319 321
f 322 321 323
f 324 322 323
f 325 324 326
f 327 325 326
f 328 329 327
f 330 331 317
f 332 317 320
f 333 320 322
f 334 322 335
f 325 334 335
f 329 336 325
f 337 338 329
f 339 340 330
f 341 330 332
f 342 332 333
f 334 342 333
f 343 334 336
f 338 343 336
f 344 345 338
f 346 347 339
f 341 346 339
f 348 341 342
f 349 342 350
f 343 349 350
f 345 351 343
f 352 345 353
f 346 354 355
f 356 357 346
f 348 358 356
f 349 359 348
f 360 349 351
f 361 351 362
f 352 361 362
f 357 363 354
f 358 364 357
f 359 365 358
f 366 359 367
f 360 366 367
f 368 360 361
f 369 361 370
f 364 371 363
f 365 372 364
f 373 374 365
f 366 375 373
f 376 366 377
f 378 377 368
f 379 368 369
f 380 328 381
f 382 381 383
f 384 382 383
f 385 386 384
f 387 388 385
f 389 390 387
f 391 392 389
f 393 337 380
f 394 380 382
f 395 382 386
f 388 395 386
f 390 396 388
f 392 397 390
f 398 399 392
f 400 344 393
f 394 400 393
f 395 401 394
f 402 395 396
f 397 402 396
f 399 403 397
f 404 405 399
f 400 352 353
f 406 400 401
f 407 401 408
f 402 407 408
f 403 409 402
f 405 410 403
f 411 412 405
f 413 352 414
f 406 413 414
f 407 415 406
f 416 407 409
f 417 409 410
f 418 410 412
f 419 412 420
f 413 369 370
f 415 421 413
f 422 423 415
f 416 424 422
f 425 416 417
f 426 417 418
f 427 418 419
f 421 379 369
f 423 428 421
f 424 429 423
f 430 424 431
f 425 430 431
f 432 425 426
f 433 426 427
f 434 391 435
f 436 435 437
f 438 437 439
f 440 438 439
f 441 440 442
f 443 441 442
f 444 445 443
f 446 398 434
f 447 434 436
f 448 436 438
f 449 438 450
f 441 449 450
f 445 451 441
f 452 453 445
f 454 404 446
f 455 446 447
f 456 447 448
f 449 456 448
f 457 449 451
f 453 457 451
f 458 453 459
f 454 420 411
f 455 460 454
f 456 461 455
f 462 456 463
f 457 462 463
f 464 457 465
f 458 464 465
f 460 419 420
f 461 466 460
f 467 468 461
f 462 469 467
f 470 462 471
f 464 470 471
f 472 473 464
f 466 427 419
f 468 474 466
f 469 475 468
f 476 469 477
f 470 476 477
f 473 478 470
f 479 473 480
f 474 433 427
f 475 481 474
f 482 483 475
f 476 484 482
f 485 476 478
f 486 478 487
f 488 487 479
f 489 444 490
f 491 490 492
f 493 492 494
f 495 494 496
f 497 495 496
f 498 499 497
f 318 500 498
f 501 452 489
f 502 489 491
f 503 491 493
f 504 493 495
f 499 504 495
f 500 505 499
f 331 506 500
f 501 458 459
f 507 501 502
f 508 502 503
f 504 508 503
f 505 509 504
f 506 510 505
f 340 511 506
f 512 458 513
f 507 512 513
f 514 507 508
f 509 514 508
f 515 509 510
f 516 510 511
f 347 516 511
f 512 480 472
f 517 518 512
f 519 517 514
f 520 519 514
f 521 520 515
f 522 515 516
f 354 516 355
f 518 479 480
f 523 524 518
f 519 525 523
f 526 519 527
f 528 527 521
f 529 521 522
f 363 522 354
f 524 488 479
f 525 530 524
f 531 532 525
f 526 533 531
f 534 526 528
f 535 528 529
f 371 529 363
f 536 371 372
f 537 372 374
f 375 537 374
f 538 375 539
f 376 538 539
f 378 540 376
f 379 541 378
f 542 535 536
f 543 536 537
f 544 537 545
f 538 544 545
f 540 546 538
f 541 547 540
f 428 548 541
f 549 534 542
f 550 542 543
f 551 543 544
f 546 551 544
f 547 552 546
f 548 553 547
f 429 554 548
f 549 533 555
f 556 549 550
f 551 556 550
f 552 557 551
f 558 552 553
f 554 558 553
f 430 554 559
f 560 532 533
f 556 561 560
f 557 562 556
f 563 557 564
f 558 563 564
f 565 558 566
f 567 566 430
f 561 530 532
f 562 568 561
f 569 570 562
f 563 571 569
f 572 563 573
f 565 572 573
f 432 565 567
f 568 488 530
f 570 486 568
f 571 485 570
f 574 575 571
f 483 574 572
f 481 572 576
f 433 576 432
f 577 444 443
f 578 443 442
f 579 442 440
f 439 579 440
f 437 580 439
f 435 581 437
f 391 582 435
f 583 490 577
f 584 577 578
f 579 584 578
f 585 579 580
f 586 580 581
f 582 586 581
f 389 587 582
f 588 492 583
f 589 583 584
f 590 584 591
f 585 590 591
f 586 592 585
f 587 593 586
f 387 594 587
f 595 494 588
f 596 588 589
f 590 596 589
f 597 590 592
f 593 597 592
f 598 593 594
f 384 594 385
f 595 497 496
f 596 599 595
f 600 596 601
f 597 600 601
f 602 597 603
f 604 603 598
f 383 598 384
f 599 498 497
f 605 606 599
f 600 607 605
f 608 600 609
f 610 609 602
f 611 602 604
f 381 604 383
f 606 318 498
f 607 319 606
f 323 607 612
f 608 323 612
f 326 608 610
f 327 610 611
f 328 611 381
f 21 36 22
f 24 21 23
f 26 24 25
f 28 30 26
f 29 32 30
f 31 34 32
f 33 40 34
f 35 42 36
f 24 44 35
f 37 44 24
f 30 38 37
f 32 48 38
f 39 48 32
f 40 49 39
f 41 52 42
f 43 41 35
f 45 43 44
f 46 45 37
f 47 46 38
f 39 50 47
f 49 58 50
f 41 53 51
f 43 60 53
f 54 60 43
f 55 54 45
f 47 65 55
f 56 65 47
f 57 56 50
f 53 61 59
f 60 62 61
f 54 69 62
f 63 69 54
f 64 63 55
f 56 74 64
f 66 74 56
f 61 68 67
f 62 70 68
f 69 71 70
f 63 80 71
f 72 80 63
f 73 72 64
f 75 73 74
f 68 77 76
f 70 78 77
f 71 243 78
f 79 243 71
f 81 79 80
f 82 81 72
f 83 82 73
f 84 40 33
f 86 84 85
f 88 86 87
f 90 88 89
f 92 94 90
f 93 96 94
f 95 102 96
f 97 49 40
f 98 97 84
f 99 98 86
f 100 99 88
f 94 101 100
f 96 103 101
f 102 108 103
f 104 58 49
f 98 111 104
f 105 111 98
f 106 105 99
f 101 107 106
f 103 109 107
f 108 115 109
f 104 117 57
f 110 117 104
f 112 110 111
f 106 113 112
f 107 114 113
f 109 116 114
f 115 124 116
f 117 118 66
f 110 119 118
f 112 126 119
f 120 126 112
f 121 120 113
f 122 121 114
f 123 122 116
f 118 125 75
f 119 127 125
f 126 134 127
f 128 134 126
f 129 128 120
f 130 129 121
f 131 130 122
f 125 132 83
f 127 256 132
f 133 256 127
f 128 264 133
f 135 264 128
f 136 135 129
f 137 136 130
f 138 102 95
f 140 138 139
f 142 140 141
f 144 142 143
f 146 148 144
f 147 150 148
f 149 156 150
f 151 108 102
f 152 151 138
f 153 152 140
f 144 154 153
f 148 155 154
f 150 157 155
f 156 162 157
f 158 115 108
f 159 158 151
f 160 159 152
f 154 167 160
f 161 167 154
f 157 163 161
f 162 169 163
f 164 124 115
f 159 165 164
f 160 171 165
f 166 171 160
f 161 175 166
f 168 175 161
f 169 178 168
f 164 170 123
f 165 172 170
f 171 173 172
f 166 182 173
f 174 182 166
f 176 174 175
f 177 176 168
f 170 179 131
f 172 180 179
f 173 186 180
f 181 186 173
f 174 190 181
f 183 190 174
f 184 183 176
f 179 185 137
f 180 187 185
f 186 279 187
f 188 279 186
f 189 188 181
f 191 189 190
f 184 232 191
f 192 156 149
f 194 192 193
f 196 194 195
f 198 196 197
f 200 202 198
f 201 203 202
f 22 36 203
f 204 162 156
f 205 204 192
f 196 206 205
f 198 207 206
f 202 208 207
f 203 209 208
f 36 42 209
f 210 169 162
f 205 215 210
f 211 215 205
f 207 212 211
f 208 219 212
f 213 219 208
f 42 52 213
f 214 178 169
f 215 221 214
f 216 221 215
f 217 216 211
f 218 217 212
f 213 225 218
f 51 225 213
f 214 226 177
f 220 226 214
f 216 222 220
f 217 230 222
f 223 230 217
f 224 223 218
f 51 59 224
f 226 227 184
f 220 228 227
f 222 234 228
f 229 234 222
f 223 238 229
f 231 238 223
f 67 231 224
f 227 233 232
f 228 235 233
f 234 236 235
f 229 258 236
f 237 258 229
f 239 237 238
f 76 239 231
f 240 239 76
f 241 240 77
f 242 241 78
f 79 244 242
f 81 245 244
f 82 246 245
f 83 132 246
f 247 237 239
f 248 247 240
f 249 248 241
f 244 250 249
f 245 251 250
f 246 252 251
f 132 256 252
f 253 258 237
f 248 260 253
f 254 260 248
f 250 262 254
f 255 262 250
f 252 257 255
f 256 133 257
f 253 265 236
f 259 265 253
f 254 267 259
f 261 267 254
f 255 270 261
f 263 270 255
f 264 263 257
f 265 272 235
f 266 272 265
f 267 268 266
f 261 275 268
f 269 275 261
f 271 269 270
f 135 271 263
f 272 273 233
f 266 278 273
f 274 278 266
f 275 280 274
f 276 280 275
f 277 276 269
f 135 136 277
f 273 191 232
f 278 189 191
f 274 188 189
f 279 188 274
f 276 187 279
f 185 187 276
f 136 137 185
f 281 193 149
f 282 281 147
f 283 282 146
f 143 284 283
f 141 285 284
f 139 286 285
f 95 93 286
f 287 195 193
f 288 287 281
f 289 288 282
f 290 289 283
f 285 291 290
f 286 292 291
f 93 92 292
f 293 197 195
f 288 297 293
f 294 297 288
f 290 301 294
f 295 301 290
f 296 295 291
f 92 91 296
f 293 298 199
f 297 299 298
f 294 304 299
f 300 304 294
f 295 302 300
f 296 309 302
f 89 309 296
f 303 200 199
f 299 305 303
f 304 306 305
f 300 307 306
f 302 314 307
f 308 314 302
f 89 87 308
f 303 310 201
f 305 311 310
f 306 315 311
f 312 315 306
f 313 312 307
f 308 316 313
f 85 316 308
f 310 23 22
f 311 25 23
f 315 27 25
f 312 28 27
f 29 28 312
f 31 29 313
f 33 31 316
f 317 331 318
f 320 317 319
f 322 320 321
f 324 335 322
f 325 335 324
f 327 329 325
f 328 337 329
f 330 340 331
f 332 330 317
f 333 332 320
f 334 333 322
f 325 336 334
f 329 338 336
f 337 344 338
f 339 347 340
f 341 339 330
f 342 341 332
f 334 350 342
f 343 350 334
f 338 345 343
f 344 353 345
f 346 355 347
f 341 356 346
f 348 356 341
f 349 348 342
f 343 351 349
f 345 362 351
f 352 362 345
f 346 357 354
f 356 358 357
f 348 359 358
f 349 367 359
f 360 367 349
f 361 360 351
f 352 370 361
f 357 364 363
f 358 365 364
f 359 373 365
f 366 373 359
f 360 377 366
f 368 377 360
f 369 368 361
f 364 372 371
f 365 374 372
f 373 375 374
f 366 539 375
f 376 539 366
f 378 376 377
f 379 378 368
f 380 337 328
f 382 380 381
f 384 386 382
f 385 388 386
f 387 390 388
f 389 392 390
f 391 398 392
f 393 344 337
f 394 393 380
f 395 394 382
f 388 396 395
f 390 397 396
f 392 399 397
f 398 404 399
f 400 353 344
f 394 401 400
f 395 408 401
f 402 408 395
f 397 403 402
f 399 405 403
f 404 411 405
f 400 414 352
f 406 414 400
f 407 406 401
f 402 409 407
f 403 410 409
f 405 412 410
f 411 420 412
f 413 370 352
f 406 415 413
f 407 422 415
f 416 422 407
f 417 416 409
f 418 417 410
f 419 418 412
f 413 421 369
f 415 423 421
f 422 424 423
f 416 431 424
f 425 431 416
f 426 425 417
f 427 426 418
f 421 428 379
f 423 429 428
f 424 559 429
f 430 559 424
f 425 567 430
f 432 567 425
f 433 432 426
f 434 398 391
f 436 434 435
f 438 436 437
f 440 450 438
f 441 450 440
f 443 445 441
f 444 452 445
f 446 404 398
f 447 446 434
f 448 447 436
f 449 448 438
f 441 451 449
f 445 453 451
f 452 459 453
f 454 411 404
f 455 454 446
f 456 455 447
f 449 463 456
f 457 463 449
f 453 465 457
f 458 465 453
f 454 460 420
f 455 461 460
f 456 467 461
f 462 467 456
f 457 471 462
f 464 471 457
f 458 472 464
f 460 466 419
f 461 468 466
f 467 469 468
f 462 477 469
f 470 477 462
f 464 473 470
f 472 480 473
f 466 474 427
f 468 475 474
f 469 482 475
f 476 482 469
f 470 478 476
f 473 487 478
f 479 487 473
f 474 481 433
f 475 483 481
f 482 484 483
f 476 575 484
f 485 575 476
f 486 485 478
f 488 486 487
f 489 452 444
f 491 489 490
f 493 491 492
f 495 493 494
f 497 499 495
f 498 500 499
f 318 331 500
f 501 459 452
f 502 501 489
f 503 502 491
f 504 503 493
f 499 505 504
f 500 506 505
f 331 340 506
f 501 513 458
f 507 513 501
f 508 507 502
f 504 509 508
f 505 510 509
f 506 511 510
f 340 347 511
f 512 472 458
f 507 517 512
f 514 517 507
f 509 520 514
f 515 520 509
f 516 515 510
f 347 355 516
f 512 518 480
f 517 523 518
f 519 523 517
f 520 527 519
f 521 527 520
f 522 521 515
f 354 522 516
f 518 524 479
f 523 525 524
f 519 531 525
f 526 531 519
f 528 526 527
f 529 528 521
f 363 529 522
f 524 530 488
f 525 532 530
f 531 533 532
f 526 555 533
f 534 555 526
f 535 534 528
f 371 535 529
f 536 535 371
f 537 536 372
f 375 545 537
f 538 545 375
f 376 540 538
f 378 541 540
f 379 428 541
f 542 534 535
f 543 542 536
f 544 543 537
f 538 546 544
f 540 547 546
f 541 548 547
f 428 429 548
f 549 555 534
f 550 549 542
f 551 550 543
f 546 552 551
f 547 553 552
f 548 554 553
f 429 559 554
f 549 560 533
f 556 560 549
f 551 557 556
f 552 564 557
f 558 564 552
f 554 566 558
f 430 566 554
f 560 561 532
f 556 562 561
f 557 569 562
f 563 569 557
f 558 573 563
f 565 573 558
f 567 565 566
f 561 568 530
f 562 570 568
f 569 571 570
f 563 574 571
f 572 574 563
f 565 576 572
f 432 576 565
f 568 486 488
f 570 485 486
f 571 575 485
f 574 484 575
f 483 484 574
f 481 483 572
f 433 481 576
f 577 490 444
f 578 577 443
f 579 578 442
f 439 580 579
f 437 581 580
f 435 582 581
f 391 389 582
f 583 492 490
f 584 583 577
f 579 591 584
f 585 591 579
f 586 585 580
f 582 587 586
f 389 387 587
f 588 494 492
f 589 588 583
f 590 589 584
f 585 592 590
f 586 593 592
f 587 594 593
f 387 385 594
f 595 496 494
f 596 595 588
f 590 601 596
f 597 601 590
f 593 603 597
f 598 603 593
f 384 598 594
f 595 599 497
f 596 605 599
f 600 605 596
f 597 609 600
f 602 609 597
f 604 602 603
f 383 604 598
f 599 606 498
f 605 607 606
f 600 612 607
f 608 612 600
f 610 608 609
f 611 610 602
f 381 611 604
f 606 319 318
f 607 321 319
f 323 321 607
f 608 324 323
f 326 324 608
f 327 326 610
f 328 327 611
f 613 614 615
f 616 615 617
f 618 617 619
f 620 619 621
f 622 621 623
f 624 623 625
f 626 625 627
f 628 627 629
f 630 629 631
f 632 631 633
f 634 633 635
f 636 635 637
f 638 637 614
f 639 635 633
f 640 629 641
f 642 621 619
f 641 623 642
f 627 641 629
f 640 633 631
f 643 640 644
f 634 622 624
f 622 616 618
f 613 636 638
f 630 632 634
f 630 624 628
f 624 626 628
f 618 620 622
f 640 642 644
f 619 644 642
f 615 644 617
f 637 639 643
f 614 643 615
f 613 638 614
f 616 613 615
f 618 616 617
f 620 618 619
f 622 620 621
f 624 622 623
f 626 624 625
f 628 626 627
f 630 628 629
f 632 630 631
f 634 632 633
f 636 634 635
f 638 636 637
f 640 631 629
f 642 623 621
f 641 625 623
f 627 625 641
f 640 639 633
f 643 639 640
f 634 636 622
f 622 636 616
f 613 616 636
f 630 634 624
f 640 641 642
f 619 617 644
f 615 643 644
f 637 635 639
f 614 637 643
f 645 646 647
f 645 648 646
f 649 650 648
f 651 650 652
f 651 653 654
f 655 656 653
f 657 656 658
f 659 660 657
f 659 661 662
f 663 645 647
f 663 649 645
f 664 652 649
f 665 652 666
f 665 655 651
f 667 655 668
f 669 658 667
f 669 659 657
f 670 659 671
f 672 663 647
f 673 663 672
f 674 664 673
f 674 665 666
f 675 665 676
f 675 667 668
f 677 667 678
f 677 671 669
f 679 670 671
f 680 672 647
f 680 673 672
f 681 674 673
f 682 676 674
f 683 676 684
f 683 678 675
f 685 678 686
f 685 679 677
f 687 679 688
f 689 680 647
f 690 680 689
f 691 681 690
f 692 682 691
f 692 683 684
f 693 683 694
f 693 685 686
f 695 685 696
f 695 687 688
f 697 689 647
f 697 690 689
f 698 690 699
f 700 691 698
f 701 692 700
f 701 693 694
f 702 693 703
f 704 696 702
f 704 705 695
f 706 697 647
f 707 697 706
f 708 699 707
f 708 700 698
f 709 700 710
f 709 703 701
f 711 703 712
f 711 704 702
f 713 704 714
f 715 706 647
f 715 707 706
f 716 707 717
f 716 710 708
f 718 709 710
f 719 709 720
f 719 711 712
f 721 714 711
f 722 714 723
f 724 715 647
f 725 715 724
f 726 717 725
f 726 718 716
f 727 718 728
f 727 719 720
f 729 719 730
f 731 721 729
f 731 722 723
f 732 724 647
f 733 724 732
f 734 725 733
f 735 726 734
f 736 728 735
f 736 730 727
f 737 730 738
f 739 729 737
f 739 740 731
f 646 732 647
f 646 733 732
f 648 734 733
f 650 735 734
f 653 735 654
f 656 736 653
f 656 737 738
f 662 737 660
f 661 739 662
f 741 742 743
f 742 744 743
f 741 744 742
f 743 744 741
f 745 746 747
f 746 748 747
f 748 749 747
f 749 745 747
f 746 745 750
f 748 746 750
f 749 748 750
f 745 749 750
f 751 752 753
f 754 755 752
f 752 751 754
f 756 754 751
f 752 757 753
f 758 759 757
f 757 752 758
f 755 758 752
f 754 758 755
f 760 759 758
f 758 754 760
f 756 760 754
f 751 760 756
f 757 759 760
f 760 751 757
f 753 757 751
f 645 649 648
f 649 652 650
f 651 654 650
f 651 655 653
f 655 658 656
f 657 660 656
f 659 662 660
f 659 761 661
f 663 664 649
f 664 666 652
f 665 651 652
f 665 668 655
f 667 658 655
f 669 657 658
f 669 671 659
f 670 761 659
f 673 664 663
f 674 666 664
f 674 676 665
f 675 668 665
f 675 678 667
f 677 669 667
f 677 679 671
f 679 762 670
f 680 681 673
f 681 682 674
f 682 684 676
f 683 675 676
f 683 686 678
f 685 677 678
f 685 688 679
f 687 762 679
f 690 681 680
f 691 682 681
f 692 684 682
f 692 694 683
f 693 686 683
f 693 696 685
f 695 688 685
f 695 705 687
f 697 699 690
f 698 691 690
f 700 692 691
f 701 694 692
f 701 703 693
f 702 696 693
f 704 695 696
f 704 763 705
f 707 699 697
f 708 698 699
f 708 710 700
f 709 701 700
f 709 712 703
f 711 702 703
f 711 714 704
f 713 763 704
f 715 717 707
f 716 708 707
f 716 718 710
f 718 720 709
f 719 712 709
f 719 721 711
f 721 723 714
f 722 713 714
f 725 717 715
f 726 716 717
f 726 728 718
f 727 720 718
f 727 730 719
f 729 721 719
f 731 723 721
f 731 740 722
f 733 725 724
f 734 726 725
f 735 728 726
f 736 727 728
f 736 738 730
f 737 729 730
f 739 731 729
f 739 764 740
f 646 648 733
f 648 650 734
f 650 654 735
f 653 736 735
f 656 738 736
f 656 660 737
f 662 739 737
f 661 764 739
f 765 766 767
f 768 767 769
f 770 769 771
f 772 773 774
f 775 776 777
f 778 779 780
f 781 782 783
f 784 781 785
f 786 785 787
f 782 787 783
f 788 771 789
f 790 791 792
f 793 792 794
f 795 794 796
f 797 796 791
f 798 799 800
f 801 802 775
f 803 776 804
f 775 803 805
f 804 802 806
f 807 775 805
f 808 807 809
f 802 809 806
f 810 800 811
f 812 811 813
f 814 813 799
f 774 815 816
f 772 816 817
f 818 817 819
f 815 818 819
f 820 821 784
f 822 784 807
f 805 822 807
f 823 805 803
f 824 803 821
f 766 786 782
f 767 782 804
f 806 767 804
f 771 806 809
f 789 809 786
f 792 782 821
f 794 821 803
f 796 803 804
f 791 804 782
f 800 784 786
f 811 786 809
f 813 809 807
f 799 807 784
f 825 824 820
f 826 820 822
f 827 822 828
f 829 828 823
f 830 823 824
f 831 789 766
f 765 831 766
f 768 765 767
f 770 768 769
f 772 818 773
f 775 802 776
f 778 832 779
f 781 821 782
f 784 821 781
f 786 784 785
f 782 786 787
f 788 770 771
f 790 797 791
f 793 790 792
f 795 793 794
f 797 795 796
f 798 814 799
f 801 808 802
f 803 777 776
f 775 777 803
f 804 776 802
f 807 801 775
f 808 801 807
f 802 808 809
f 810 798 800
f 812 810 811
f 814 812 813
f 774 773 815
f 772 774 816
f 818 772 817
f 815 773 818
f 820 824 821
f 822 820 784
f 805 828 822
f 823 828 805
f 824 823 803
f 766 789 786
f 767 766 782
f 806 769 767
f 771 769 806
f 789 771 809
f 792 791 782
f 794 792 821
f 796 794 803
f 791 796 804
f 800 799 784
f 811 800 786
f 813 811 809
f 799 813 807
f 825 830 824
f 826 825 820
f 827 826 822
f 829 827 828
f 830 829 823
f 831 788 789
f 832 815 779
f 781 832 778
f 785 778 780
f 787 780 779
f 810 814 798
f 768 770 788
f 825 826 827
f 768 831 765
f 817 832 783
f 819 783 787
f 779 819 787
f 790 795 797
f 827 830 825
f 832 816 815
f 781 783 832
f 785 781 778
f 787 785 780
f 810 812 814
f 768 788 831
f 817 816 832
f 819 817 783
f 779 815 819
f 790 793 795
f 827 829 830
f 833 834 835
f 836 835 837
f 838 839 840
f 841 842 843
f 844 838 845
f 846 845 847
f 848 849 850
f 851 848 852
f 853 852 854
f 855 841 856
f 857 856 858
f 859 860 861
f 862 859 863
f 864 863 865
f 834 866 867
f 833 868 834
f 836 833 835
f 838 869 839
f 841 870 842
f 844 869 838
f 846 844 845
f 848 871 849
f 851 871 848
f 853 851 852
f 855 870 841
f 857 855 856
f 859 872 860
f 862 872 859
f 864 862 863
f 834 868 866
f 840 873 838
f 874 875 840
f 876 877 874
f 837 878 876
f 835 879 837
f 834 880 835
f 867 881 834
f 882 883 867
f 884 885 882
f 865 886 884
f 863 887 865
f 859 888 863
f 861 889 859
f 890 891 861
f 892 893 890
f 858 894 892
f 856 895 858
f 841 896 856
f 843 897 841
f 898 899 843
f 900 901 898
f 854 902 900
f 852 903 854
f 848 904 852
f 850 905 848
f 906 907 850
f 908 909 906
f 847 910 908
f 845 911 847
f 838 912 845
f 889 912 881
f 877 879 875
f 873 879 880
f 881 873 880
f 907 912 905
f 904 912 897
f 910 907 909
f 891 896 889
f 903 897 899
f 901 903 899
f 889 896 897
f 894 891 893
f 886 883 885
f 881 888 889
f 888 883 887
f 913 837 876
f 914 876 874
f 840 914 874
f 853 870 851
f 857 872 855
f 915 870 855
f 871 916 844
f 849 844 846
f 917 849 846
f 833 839 869
f 864 868 862
f 836 914 839
f 917 847 908
f 906 917 908
f 872 915 855
f 918 871 851
f 919 868 833
f 919 916 918
f 920 866 864
f 919 869 916
f 844 916 869
f 915 851 870
f 921 872 862
f 868 921 862
f 922 853 923
f 924 860 857
f 850 925 906
f 923 854 900
f 898 923 900
f 843 922 898
f 918 921 919
f 924 858 892
f 926 892 890
f 861 926 890
f 920 865 884
f 927 884 882
f 867 927 882
f 840 875 873
f 874 877 875
f 876 878 877
f 837 879 878
f 835 880 879
f 834 881 880
f 867 883 881
f 882 885 883
f 884 886 885
f 865 887 886
f 863 888 887
f 859 889 888
f 861 891 889
f 890 893 891
f 892 894 893
f 858 895 894
f 856 896 895
f 841 897 896
f 843 899 897
f 898 901 899
f 900 902 901
f 854 903 902
f 852 904 903
f 848 905 904
f 850 907 905
f 906 909 907
f 908 910 909
f 847 911 910
f 845 912 911
f 838 873 912
f 889 897 912
f 877 878 879
f 873 875 879
f 881 912 873
f 907 911 912
f 904 905 912
f 910 911 907
f 891 895 896
f 903 904 897
f 901 902 903
f 894 895 891
f 886 887 883
f 888 881 883
f 913 836 837
f 914 913 876
f 840 839 914
f 853 842 870
f 857 860 872
f 871 918 916
f 849 871 844
f 917 925 849
f 833 836 839
f 864 866 868
f 836 913 914
f 917 846 847
f 906 925 917
f 872 921 915
f 920 927 866
f 919 833 869
f 915 918 851
f 868 919 921
f 922 842 853
f 924 926 860
f 850 849 925
f 923 853 854
f 898 922 923
f 843 842 922
f 918 915 921
f 924 857 858
f 926 924 892
f 861 860 926
f 920 864 865
f 927 920 884
f 867 866 927
